0 100.3451156616211 90.32382202148438 101.36985778808594 102.1683578491211 86.85394287109375 98.58106231689453
1 99.71666717529297 89.75629425048828 99.91741943359375 102.81877899169922 89.11854553222656 96.98092651367188
2 97.79558563232422 90.20591735839844 98.3773193359375 103.68260192871094 90.71923828125 94.25541687011719
3 96.19754028320313 91.61709594726563 98.2961196899414 104.99835205078125 89.58755493164063 94.92135620117188
4 95.60467529296875 92.99541473388672 97.43851470947266 105.19588470458984 88.48491668701172 94.12303924560547
5 94.30374145507813 93.3873519897461 97.53706359863281 105.47750854492188 87.57280731201172 94.25152587890625
6 93.76860809326172 93.8963394165039 96.83557891845703 105.24302673339844 86.99755859375 94.93452453613281
7 94.06441497802734 94.19094848632813 95.84809112548828 103.87948608398438 87.36280059814453 95.33798217773438
8 92.93731689453125 94.16093444824219 95.49040985107422 103.31571960449219 86.43344116210938 95.66691589355469
9 92.06454467773438 94.83952331542969 95.30207824707031 102.63835906982422 86.80552673339844 96.70946502685547
10 90.69871520996094 94.6313247680664 95.76809692382813 102.68000793457031 85.80343627929688 97.07421112060547
11 90.80887603759766 94.9015121459961 95.80388641357422 104.16331481933594 85.99434661865234 98.10147857666016
12 89.92383575439453 94.85904693603516 95.06327819824219 105.77415466308594 84.74423217773438 98.72908782958984
13 90.23192596435547 95.027587890625 94.03158569335938 107.39016723632813 84.67327117919922 99.48014831542969
14 90.0329818725586 94.6027603149414 94.38745880126953 108.48907470703125 83.27824401855469 99.70606994628906
15 90.41018676757813 94.3758316040039 93.63985443115234 109.47846221923828 83.55744171142578 99.87250518798828
16 90.12530517578125 94.03712463378906 93.67168426513672 109.26223754882813 82.35794830322266 99.32289123535156
17 89.81121063232422 93.08848571777344 93.93256378173828 109.61802673339844 82.524658203125 99.38671875
18 90.94548797607422 92.74679565429688 94.51914978027344 109.11138916015625 81.42472076416016 99.55109405517578
19 90.75960540771484 93.52554321289063 95.52253723144531 108.02295684814453 81.33671569824219 100.55378723144531
20 91.50273895263672 94.23892211914063 95.47142791748047 107.64043426513672 80.43939208984375 100.76227569580078
21 90.83251953125 95.45541381835938 95.83904266357422 107.44467163085938 80.11896514892578 100.525634765625
22 91.1054916381836 95.44148254394531 95.8613510131836 108.72156524658203 80.82450866699219 101.06214141845703
23 90.44288635253906 95.61052703857422 95.32556915283203 109.27887725830078 80.81767272949219 101.2522964477539
24 90.25575256347656 94.66472625732422 95.19828796386719 110.33385467529297 81.83250427246094 100.9221420288086
25 90.63914489746094 93.15437316894531 95.87407684326172 110.33688354492188 82.20698547363281 100.71546936035156
26 90.76248168945313 92.86474609375 95.50100708007813 110.45133209228516 83.7247085571289 100.84479522705078
27 91.23650360107422 92.25233459472656 96.55924987792969 109.7483901977539 84.40738677978516 100.8704605102539
28 91.40702056884766 91.93762969970703 96.4948501586914 109.49894714355469 85.65165710449219 100.33541870117188
29 92.27039337158203 91.82455444335938 97.19673156738281 109.0337142944336 85.95018005371094 100.22527313232422
30 92.08856964111328 91.78447723388672 97.2835693359375 108.70891571044922 86.96745300292969 99.56817626953125
31 92.85575103759766 91.83822631835938 96.20585632324219 108.74852752685547 87.08091735839844 99.45980072021484
32 92.37560272216797 92.15557861328125 96.63433837890625 108.64906311035156 88.06394958496094 98.84476470947266
33 92.9864501953125 92.68212890625 96.48687744140625 108.11798095703125 88.00733947753906 98.63753509521484
34 92.39163208007813 93.10245513916016 97.51435852050781 107.96033477783203 87.2551040649414 98.06832122802734
35 92.25089263916016 94.30740356445313 97.6277847290039 107.40663146972656 86.3730239868164 97.05943298339844
36 92.76022338867188 94.79106903076172 98.12767028808594 107.45586395263672 85.085693359375 96.47425842285156
37 91.73420715332031 94.39916229248047 98.29714965820313 106.79280853271484 84.38304901123047 96.15422821044922
38 91.94606018066406 94.08098602294922 97.62191009521484 106.38001251220703 83.67096710205078 94.66030883789063
39 90.8196029663086 93.31715393066406 97.70277404785156 106.89771270751953 83.9652099609375 94.17974090576172
40 89.76449584960938 93.234130859375 97.09352111816406 107.88610076904297 84.47335815429688 94.4845962524414
41 87.92863464355469 93.2269058227539 95.84376525878906 107.378173828125 83.82840728759766 95.29642486572266
42 87.05243682861328 93.28457641601563 95.88579559326172 107.2041244506836 83.95635223388672 96.92365264892578
43 86.13372802734375 92.76109313964844 95.5733871459961 106.0116195678711 82.80416107177734 98.05098724365234
44 86.3761215209961 93.25434112548828 95.13636016845703 105.81884002685547 82.58648681640625 98.06658935546875
45 85.42701721191406 93.3634033203125 95.68768310546875 104.65374755859375 81.99958801269531 99.14525604248047
46 85.82166290283203 93.27998352050781 97.07026672363281 104.62594604492188 81.36927795410156 99.41450500488281
47 86.201904296875 93.04934692382813 96.90455627441406 104.34365844726563 80.47177124023438 100.68446350097656
48 87.36282348632813 94.04235076904297 98.24797821044922 104.27088165283203 79.9305191040039 100.54766082763672
49 87.38726043701172 94.80358123779297 98.43144989013672 104.11753845214844 79.57330322265625 99.73639678955078
50 88.68406677246094 95.19418334960938 99.18018341064453 104.60437774658203 80.49951934814453 99.57140350341797
51 90.14171600341797 95.03475952148438 100.4290771484375 106.07036590576172 80.61730194091797 99.24359130859375
52 90.68897247314453 94.09606170654297 101.1771469116211 106.53438568115234 80.11705017089844 98.17203521728516
53 90.9510726928711 94.39952850341797 101.84747314453125 107.5310287475586 79.36934661865234 97.53138732910156
54 90.56533813476563 94.6939468383789 101.2904052734375 108.67821502685547 79.39956665039063 97.85663604736328
55 89.7823257446289 95.27237701416016 100.490966796875 109.05587768554688 80.18926239013672 97.38333129882813
56 90.29502868652344 95.65496063232422 99.88068389892578 108.75349426269531 81.34156799316406 97.32674407958984
57 90.94500732421875 95.9917984008789 101.01921844482422 107.80174255371094 81.35628509521484 98.0945053100586
58 92.59374237060547 96.08797454833984 97.8250503540039 106.86253356933594 80.52131652832031 98.61753845214844
59 93.81892395019531 92.43922424316406 94.85542297363281 108.10942077636719 79.82075500488281 99.03840637207031
